,timestamp,open,high,low,close,volume
0,2025-03-24 19:00:00,220.76,220.9,220.7,220.75,21220
1,2025-03-24 18:00:00,220.76,221.645,220.7,220.76,31035
2,2025-03-24 17:00:00,220.73,220.83,207.4218,220.76,24987
3,2025-03-24 16:00:00,220.38,220.85,209.744,220.73,19183584
4,2025-03-24 15:00:00,220.1332,221.48,219.5837,220.43,8157649
5,2025-03-24 14:00:00,219.59,220.38,219.17,220.125,3247517
6,2025-03-24 13:00:00,219.29,219.59,218.89,219.57,2985179
7,2025-03-24 12:00:00,219.79,220.05,218.82,219.29,2955089
8,2025-03-24 11:00:00,219.73,220.69,218.96,219.79,4278095
9,2025-03-24 10:00:00,220.2065,220.37,219.22,219.73,4651354
10,2025-03-24 09:00:00,220.5,221.23,218.27,220.2101,6229984
11,2025-03-24 08:00:00,219.9,220.8509,217.725,220.5,173291
12,2025-03-24 07:00:00,220.16,220.33,219.75,220.19,95597
13,2025-03-24 06:00:00,220.58,220.61,219.84,220.16,72294
14,2025-03-24 05:00:00,220.43,220.85,220.35,220.56,76882
15,2025-03-24 04:00:00,218.56,220.64,218.56,220.45,83275
16,2025-03-21 19:00:00,217.7475,218.27,217.6,217.8,157810
17,2025-03-21 18:00:00,217.59,217.78,216.0665,217.72,18309
18,2025-03-21 17:00:00,217.75,220.7776,202.4032,217.6,159185
19,2025-03-21 16:00:00,218.35,218.44,217.27,217.7427,65063951
20,2025-03-21 15:00:00,215.17,218.84,214.86,218.36,12348935
21,2025-03-21 14:00:00,214.28,215.37,214.28,215.17,3555258
22,2025-03-21 13:00:00,215.425,215.425,214.2601,214.29,2765793
23,2025-03-21 12:00:00,213.25,215.48,212.64,215.43,4843223
24,2025-03-21 11:00:00,214.47,214.84,212.68,213.2602,5795425
25,2025-03-21 10:00:00,214.16,214.54,213.17,214.46,5125766
26,2025-03-21 09:00:00,210.94,214.42,209.2,214.12,18190628
27,2025-03-21 08:00:00,212.2,214.2288,210.74,210.85,406459
28,2025-03-21 07:00:00,212.0,213.06,212.0,212.17,79885
29,2025-03-21 06:00:00,213.64,213.88,211.51,212.0,90761
30,2025-03-21 05:00:00,213.36,213.88,213.15,213.64,11779
31,2025-03-21 04:00:00,214.18,214.22,213.0,213.36,17376
32,2025-03-20 19:00:00,213.85,214.1,213.56,213.75,50498
33,2025-03-20 18:00:00,213.91,247.04,213.7,213.85,20054
34,2025-03-20 17:00:00,214.0616,224.068,199.6953,213.9,17355
35,2025-03-20 16:00:00,214.15,214.39,212.64,214.06,26128081
36,2025-03-20 15:00:00,212.35,214.76,212.34,214.15,7370196
37,2025-03-20 14:00:00,213.43,213.83,212.22,212.3694,4271225
38,2025-03-20 13:00:00,213.53,214.02,213.1,213.4,3274026
39,2025-03-20 12:00:00,215.589,216.44,213.0,213.54,6256864
40,2025-03-20 11:00:00,216.17,216.53,215.425,215.5963,3451532
41,2025-03-20 10:00:00,215.485,217.4899,215.39,216.145,5723160
42,2025-03-20 09:00:00,214.72,215.49,212.9,215.49,3987832
43,2025-03-20 08:00:00,215.6367,216.6788,213.19,214.74,228565
44,2025-03-20 07:00:00,214.42,214.89,214.15,214.86,40799
45,2025-03-20 06:00:00,215.5,215.5,213.6,214.42,69985
46,2025-03-20 05:00:00,216.0,216.24,215.24,215.43,15650
47,2025-03-20 04:00:00,216.44,216.68,215.74,216.02,33089
48,2025-03-19 19:00:00,215.75,216.43,215.66,216.15,29537
49,2025-03-19 18:00:00,215.48,215.87,215.22,215.75,22825
50,2025-03-19 17:00:00,219.0465,219.0465,202.0365,215.6,21390
51,2025-03-19 16:00:00,215.3,219.0465,202.0365,215.39,27941561
52,2025-03-19 15:00:00,215.57,217.059,214.48,215.3,8234098
53,2025-03-19 14:00:00,213.98,215.605,213.75,215.5888,5883092
54,2025-03-19 13:00:00,214.97,215.1,213.86,214.07,2822037
55,2025-03-19 12:00:00,216.24,216.34,214.44,214.9573,2958023
56,2025-03-19 11:00:00,215.51,216.75,214.96,216.269,4137311
57,2025-03-19 10:00:00,217.18,218.76,215.45,215.55,7606277
58,2025-03-19 09:00:00,213.3399,217.72,212.69,217.155,6548889
59,2025-03-19 08:00:00,213.35,213.5,212.4112,213.34,63825
60,2025-03-19 07:00:00,213.29,213.41,213.0,213.23,16310
61,2025-03-19 06:00:00,213.32,213.43,213.26,213.3,10637
62,2025-03-19 05:00:00,213.07,213.34,212.75,213.33,6826
63,2025-03-19 04:00:00,213.5,213.58,212.68,213.06,17252
64,2025-03-18 19:00:00,212.9,213.0,212.6,213.0,21536
65,2025-03-18 18:00:00,212.98,213.0,212.3012,212.9,20709
66,2025-03-18 17:00:00,212.9,214.0,210.214,212.78,847165
67,2025-03-18 16:00:00,212.69,227.4311,210.214,212.92,13975706
68,2025-03-18 15:00:00,212.215,213.28,211.89,212.79,5980029
69,2025-03-18 14:00:00,211.85,212.655,211.67,212.215,3051295
70,2025-03-18 13:00:00,212.195,212.575,211.49,211.86,3579248
71,2025-03-18 12:00:00,213.315,214.0,211.59,212.205,4167825
72,2025-03-18 11:00:00,213.7047,213.82,212.65,213.345,3842706
73,2025-03-18 10:00:00,214.42,215.15,213.01,213.715,6077794
74,2025-03-18 09:00:00,213.56,215.05,212.84,214.43,6071267
75,2025-03-18 08:00:00,213.9,214.0,213.0,213.43,125111
76,2025-03-18 07:00:00,213.9,213.97,213.44,213.91,46225
77,2025-03-18 06:00:00,213.68,214.0,213.25,213.9,44447
78,2025-03-18 05:00:00,213.79,213.86,213.62,213.66,10233
79,2025-03-18 04:00:00,213.98,214.0,213.59,213.79,18364
80,2025-03-17 19:00:00,214.06,214.1,213.72,213.93,15182
81,2025-03-17 18:00:00,213.76,214.19,213.76,214.19,19118
82,2025-03-17 17:00:00,213.91,229.248,199.7357,213.79,107214
83,2025-03-17 16:00:00,214.105,241.84,213.6,213.99,16829569
84,2025-03-17 15:00:00,214.541,215.22,213.67,214.15,8763063
85,2025-03-17 14:00:00,213.66,214.7968,213.51,214.55,3901968
86,2025-03-17 13:00:00,211.55,213.7478,211.09,213.665,3756292
87,2025-03-17 12:00:00,210.9157,211.89,210.57,211.5662,3398437
88,2025-03-17 11:00:00,211.39,211.67,209.97,210.915,5402949
89,2025-03-17 10:00:00,213.73,214.0,211.3075,211.39,5801771
90,2025-03-17 09:00:00,213.82,214.97,212.17,213.72,5721660
91,2025-03-17 08:00:00,212.85,214.02,212.0112,213.8117,772188
92,2025-03-17 07:00:00,212.72,213.2,212.61,212.79,55247
93,2025-03-17 06:00:00,212.4,212.98,212.24,212.69,27105
94,2025-03-17 05:00:00,212.52,212.69,212.1,212.41,19634
95,2025-03-17 04:00:00,212.86,213.36,212.0,212.54,41973
96,2025-03-14 19:00:00,213.28,213.35,213.17,213.3499,29527
97,2025-03-14 18:00:00,213.2918,213.3,213.1205,213.28,19120
98,2025-03-14 17:00:00,213.25,216.7766,213.18,213.22,24698
99,2025-03-14 16:00:00,213.38,243.2133,206.977,213.24,19589075
